-1.361177766475811346e+01 -4.346273500526475351e-07
4.444679638593101796e-10 1.025311671764150816e+02
4.444679638593101796e-10 1.025311671764150816e+02
4.444679638593101796e-10 1.025311671764150816e+02
-5.826570248036701261e-02 6.870972268375951167e-03
-8.089268955463062037e-10 4.239950448930616744e+02
-4.536942259134325361e+00 -4.599911714132179205e-06
4.444679638593101796e-10 1.025311671764150816e+02
-3.715208783348275310e-09 1.982821579324231038e+02
-1.014249642509500394e-08 1.234230049887866016e+02
-4.383212675900886054e-10 5.776538703273809006e+02
-2.197587704433910053e-03 4.341902628855383584e-01
4.839829601459246650e-02 1.250472620949467095e-01
1.425722380930176869e-03 4.912248002475915754e-01
5.133634661955561312e-03 2.961279179547817164e-01
1.179594650372317805e-03 5.287274211657432277e-01
-2.972827088232677176e-02 2.371312540934523427e-01
-2.515115535940323777e-02 2.510096915564642983e-01
-2.491541320045429289e-02 2.519970897920683628e-01
-1.638102105495505167e+00 8.101927343955282474e-05
-1.653152445061744080e+00 7.651658706768386475e-05
-5.090851179774966706e-01 2.181115187663340126e-03
-4.119374124775609936e-02 2.126964600983658749e-01
-2.148442318380255686e-10 8.212009268237361539e+02
-2.920284924685683557e-10 7.046258565614748477e+02
-1.777893613773489648e-10 9.039348707624569670e+02
4.444679638593101796e-10 1.025311671764150816e+02
-4.536942259134325361e+00 -4.599911714132179205e-06
-3.625647656701491428e+01 -3.696392681678272947e-08
-7.517602661722431190e-01 5.860170585416578327e-04
-1.055673652913268645e+00 2.039595353774371835e-04
-2.929323006571792121e+02 1.063325648025060796e-11
-1.755552728801467879e+02 5.489241606267818535e-11
-3.224230389323663104e+01 9.445426231203224448e-09
-4.383212675900886054e-10 5.776538703273809006e+02
4.444679638593101796e-10 1.025311671764150816e+02
-6.763665893227586157e-01 -3.070882582512107924e-04
-5.670635900955901576e+01 -9.575184989829552108e-09
-2.295222343895143347e+00 3.635881363956178523e-05
-5.363852253005140236e-01 2.064257452632728505e-03
4.390894922693684699e-02 1.754499701935085254e-01
-8.238321508616006095e-02 1.349667072122884004e-01
-3.467715948356987765e-02 2.225242922268126367e-01
-3.749727974170937589e-02 2.183225018108336801e-01
-1.590666104782403195e-02 2.896979145679960399e-01
-1.719968785341895179e-02 2.830171292353075296e-01
-2.498768733299234351e-02 2.504073479648558087e-01
-3.223379939611958900e-02 2.289876570553661117e-01
-8.481511204090870504e-02 1.158608258537932173e-01
5.676376198500100723e-02 -7.310021676421618597e-02
7.532678033119578898e-02 -1.482068007566669510e-01
9.606411383346273591e-02 -1.211817434288341155e-01
1.800926034824913702e-01 -5.842594118284556021e-02
1.847648564835920881e-01 -5.579953247501371477e-02
7.545146250184181502e-02 -1.381544620942223023e-01
7.545146250184181502e-02 -1.381544620942223023e-01
1.017882796823580266e-01 -1.167239513388180217e-01
9.873618231510028487e-02 -1.182167156362271820e-01
-8.037495922464150955e-02 -7.582692340490071459e-02
-1.113978841004333031e-01 -8.876699511097325968e-02
-1.108353207771966414e-01 -8.796910377394787095e-02
-1.013475432764864848e-01 6.069620211570244360e-03
-7.153326301670084875e-02 -2.056164057999507883e-02
-1.361177766475811346e+01 -4.346273500526475351e-07
-1.162270312468672273e+01 4.657083639753073655e-09
-1.623183443763616651e+01 1.366142897432847134e-09
-6.826068831274644255e-01 2.196117164675525312e-04
-1.067924508131515626e+00 2.391164697994961727e-05
-1.495166497779503723e-01 -7.488357263606120612e-03
-1.504870474919862700e-01 -9.102673113762959484e-03
-1.936061016083573949e-01 1.372412733058105822e-02
-1.967849955371571147e-01 1.375891667230173115e-02
-2.873441391741675122e-01 -9.480048892704697958e-03
-2.148442318380255686e-10 8.212009268237361539e+02
-8.316770233005614174e-03 3.198514987929939601e-01
-1.699490409082474174e-03 3.857938773996096304e-01
4.444679638593101796e-10 1.025311671764150816e+02
-2.336395541178704072e-01 3.132048865405667043e-02
-2.957555595028853911e-05 2.100610165604652746e+00
-1.250203246153052394e-01 2.509835925205788042e-03
-1.669307027780082275e-01 -4.008097254182446667e-02
-1.540719718532039262e-01 -4.632163475113748596e-02
-6.441283593023258702e-02 -1.121341355724597005e-02
-2.920284924685683557e-10 7.046258565614748477e+02
-7.027638197059226854e+01 2.187903487786837635e-09
-3.869306534799989095e+01 3.323996356576014911e-10
4.444679638593101796e-10 1.025311671764150816e+02
-5.437598332656551348e-02 1.479849815699869342e-01
-5.056142360777984152e-02 1.787591057296968600e-01
-4.168174164339008558e-02 1.362915744029109255e-01
-6.209841197055538525e-02 4.436646558238985932e-02
-7.619167305897110720e-02 4.819365803757195282e-02
-3.080626705667215415e-01 1.296623067724369041e-02
-1.220121725846258151e-02 3.122630688357235229e-01
-2.197587704433910053e-03 4.341902628855383584e-01
5.755302015798034222e-03 2.822407828098947857e-01
2.338520054571225151e-02 1.159412472953317286e-01
2.967686613247767433e-02 1.832026855782579178e-01
4.067836114156564431e-02 1.652849819977133816e-01
-1.607653897032204626e-01 7.504463215228898698e-02
-2.142583125497131424e-02 1.733917122893799401e-01
5.608689514340909309e-03 3.448308262886647380e-01
1.513150131070727100e-02 2.386954024631195992e-01
3.250721886572416862e-03 2.243291978030673428e-01
-5.670635900955901576e+01 -9.575184989829552108e-09
-4.536942259134325361e+00 -4.599911714132179205e-06
-6.734755751657365863e+01 -4.018264571934231609e-09
-8.523477050166164304e+01 -4.216766544335601008e-09
-5.769009889996129914e+01 -1.291744668691658607e-08
-4.119374124775609936e-02 2.126964600983658749e-01
2.091726154854948224e-03 4.308472567697981814e-01
4.444679638593101796e-10 1.025311671764150816e+02
-1.947713185820379098e-02 2.264538829333291592e-01
-1.912220999085612397e-02 1.690536552622527722e-01
5.616916195634519444e-03 2.657655771188825455e-01
-6.142768896876868445e-02 1.751910636352484174e-01
-3.222440014406644415e-04 7.524037173647789567e-01
-1.711895207070245127e-04 8.278472217713392922e-01
-2.586605535337046990e-05 1.073339236986389222e+00
-1.621997162764413745e-05 1.269321766699380793e+00
-1.764760037141366463e-05 1.271475456215472200e+00
4.205570368525221245e-03 1.447367592060697927e-01
-3.222440014406644415e-04 7.524037173647789567e-01
-4.826711031323738244e-02 1.932448691469878521e-01
-6.645038475855474802e-02 1.416333622631811284e-01
-6.393591287500537124e-02 -7.853365184501551188e-02
-6.884315395719506347e-02 -1.162785826860334992e-01
-1.115868625435966766e-01 -7.897728576786543220e-02
-6.765125247989489665e-02 -1.182903610845012082e-01
-5.798891975531016152e-02 -8.679894813917325702e-02
-7.321908175051415613e-02 -6.220750455785835353e-02
-1.060036279263678605e-01 -6.302931863049454630e-02
-1.060036279263678605e-01 -6.302931863049454630e-02
-9.017464332390583148e-02 -5.765203734872546143e-02
-1.176612121309849462e-01 8.303219250519260075e-02
-1.376552381125160929e-01 9.946288898145765403e-03
-1.900868315621081217e-01 1.944545144597393735e-03
-2.155502383317682291e-01 5.457110754215217449e-03
-2.124632917242756658e-01 6.363216224779367526e-03
-2.448101490312864226e-01 7.332046330824365347e-03
-1.967849955371571147e-01 1.375891667230173115e-02
-2.354533101107194326e-01 1.036605642105017586e-02
-1.690683607609001493e-01 6.478008869419427107e-02
-1.690683607609001493e-01 6.478008869419427107e-02
-1.768278470177908068e-01 5.889689037761758339e-02
-1.072452887682255190e-01 4.015208820506669524e-02
-2.022694193644858363e-02 2.610400621440197022e-01
-6.035382717859873875e-02 1.486134990777325526e-01
-2.033977591895650208e-02 2.588032565383940331e-01
-1.681555103546086578e-03 5.902590096940627529e-01
-2.912813980807371639e-01 1.396146640142020140e-02
-1.595541951408711578e-01 -3.358940478561002474e-02
-1.671871409301326217e-01 -2.454543751379802824e-02
4.444679638593101796e-10 1.025311671764150816e+02
-5.384051666289393218e-02 1.846128672753085953e-01
-2.741287603859887678e-01 1.705576490558932679e-02
-2.136313883976511709e-03 5.055789654659517129e-01
1.386415326484388352e-03 3.999207095874433571e-01
5.648130454468376464e-03 2.437628397743339670e-01
-1.093644507380141587e-02 2.200111872181282902e-01
-4.119374124775609936e-02 2.126964600983658749e-01
-1.895164239959087615e-01 -9.737184445949091313e-03
-1.591947767426687421e-01 1.228850279255527637e-02
-2.825935676941553898e-01 5.971032693010017676e-03
-3.752796447578620187e-01 2.999704002134001481e-03
-8.205841658890712154e+00 1.021381365821088043e-06
-1.012471260297941029e+02 6.019037567947829276e-10
-7.069121696949619604e+01 1.434681911149343609e-10
-9.563684839171683905e+01 8.509724628254571259e-11
-8.780016576245209592e+01 -3.611831493245229458e-09
-1.361177766475811346e+01 -4.346273500526475351e-07
-3.726078242026477638e-01 -7.722724680499273289e-04
-1.769690683973164647e-01 -1.821478724668187249e-02
-1.720207728497382127e-01 3.088506931853892551e-02
-2.578955337305748330e-01 1.615357332741691829e-03
-1.776681729123197995e+00 4.187235831652421253e-05
-2.336395541178704072e-01 3.132048865405667043e-02
-2.920284924685683557e-10 7.046258565614748477e+02
4.444679638593101796e-10 1.025311671764150816e+02
-1.203715057000937921e-01 -4.583809295664074968e-02
-4.140515841067046732e-02 1.229168079677574604e-01
-1.645935833826085160e-01 -4.200075124509834723e-02
-1.459419090760474547e-01 -4.044131641263029597e-02
-1.581673247768428103e-01 -4.141721691405639283e-02
-1.613028766298270356e-01 -4.099466006436247589e-02
-1.565183458625194479e-01 -4.173413187892893728e-02
-1.145047150896076893e-01 -2.580217547464196820e-02
-5.914112207708370483e-02 -1.121049811715705419e-02
-2.783597293803800610e-01 1.745961659181961140e-02
-1.855180909118086530e-01 4.077580576043155630e-02
-1.625496894043428064e-01 -4.817388349705340779e-03
-1.824930649335358180e-10 8.900236865670414090e+02
-1.792731100273800568e-10 8.959731312766687097e+02
-2.247273821971156762e-10 7.993735266038544296e+02
-2.920284924685683557e-10 7.046258565614748477e+02
-1.777893613773489648e-10 9.039348707624569670e+02
-1.946857869658591748e-04 1.225922531488471412e+00
-1.542836055736843511e-05 3.402197913976097610e+00
-2.451715713238202076e-06 7.697211828535948541e+00
-6.267600178807792814e-06 5.392775497896215242e+00
-5.064825524008242511e-06 6.106535819785769093e+00
-5.393882310017932248e-06 6.265476999700680949e+00
-4.132213364196485699e-07 1.769438563574261991e+01
-1.304704889093277733e-07 3.179759423224274784e+01
-1.096064640238329269e-06 1.214547215017353565e+01
-1.627467465331313778e-08 9.412572065441784730e+01
-1.729423694722506330e-02 2.791013750534955817e-01
-2.167259051408347223e-02 2.612350907478430684e-01
1.927444047012294090e-02 1.322940922381614648e-01
2.540739051653038982e-02 1.287247799358657019e-01
1.553151719343643516e-02 2.261954274427981915e-01
1.547506265008679986e-02 2.262298878331745200e-01
-6.383990527555816197e-02 1.393531153145163848e-01
-3.201703109927413471e-01 1.031078636151420806e-02
-1.531564697064802527e-01 7.877777928185414336e-02
-2.173222180602760525e-02 1.534737099671692195e-01
-1.071824902972790504e-02 1.649042474212732423e-01
1.753100281644941194e-02 1.629927109959897757e-01
8.932981979196097030e-03 2.655152260668525166e-01
1.292941262521376568e-02 2.438305620998940659e-01
-4.383212675900886054e-10 5.776538703273809006e+02
3.340074259552679864e-03 3.126805702987888735e-01
1.862149916947094435e-03 3.258073468551995200e-01
4.698817518769956778e-03 3.107427602480488105e-01
1.268364214885213392e-02 1.328048147288476977e-01
1.001080089866871435e-02 2.578802056865626691e-01
9.997530932422941941e-03 2.579450247651982053e-01
2.122313580414621551e-02 1.527295538052829416e-01
5.441964640273477989e-03 3.233067234406897250e-01
1.099583850077233936e-02 2.563656440266048886e-01
5.306747859853733033e-03 3.272103676136739470e-01
5.644965768758625387e-03 3.212496083653434975e-01
4.936461975316967440e-03 2.965671759745369118e-01
4.187254558572174254e-03 3.120671697565080560e-01
4.020642872531170198e-03 3.134617122591124572e-01
4.020642872531170198e-03 3.134617122591124572e-01
5.857211626151541395e-02 1.125885369777091943e-01
1.142957507541176275e-02 2.252106565102634517e-01
1.142957507541176275e-02 2.252106565102634517e-01
1.792433424958971358e-02 2.031467195489370936e-01
3.703466756583047997e-02 8.842897611786924850e-02
1.396958650069646257e-02 2.158702284269981286e-01
2.737365269201176218e-02 1.411775912412811529e-01
2.492122234095603059e-02 1.426942457248712437e-01
2.543552034875071546e-02 1.438175972956051429e-01
3.871929665030896667e-02 1.526052496470412245e-01
6.777518700788419219e-03 1.610391669573473516e-01
1.198469529761467429e-02 2.519786591799129671e-01
1.060816574852547350e-02 2.271916314101671552e-01
8.038087015079386707e-03 2.493615248816761221e-01
8.646114915057134115e-03 2.402353812062563154e-01
3.594671142035384126e-02 1.701782543807608961e-01
7.899298694243838542e-03 2.475796111031043356e-01
7.021340739212078748e-03 2.534867291457513216e-01
1.184165250542963590e-03 4.421505474999457563e-01
3.083867570348734072e-03 3.108878601860790014e-01
2.209688274722581940e-03 3.502400096689380349e-01
1.904521213478756756e-03 3.615475831663538808e-01
7.239595700124478068e-03 3.071748558118091443e-01
6.848488925474969027e-03 3.135040729730081965e-01
7.167716070971552611e-03 3.083523296640546252e-01
-8.050177830400467860e-02 1.267064929851295929e-01
2.074248489282614516e-12 1.031588359361457606e+03
1.619254222800301264e-15 6.014254198743369489e+04
1.305102212448249780e-14 1.104075205642046785e+04
1.231880973622097233e-16 1.090164565946970833e+05
1.295792619613076686e-06 4.200246891135705596e+00
8.689871253517341359e-15 2.688415206114028479e+04
4.020825015618414675e-20 1.270913811443521269e+07
3.473937146012982918e-14 1.223500890561844426e+04
4.583713370133370157e-02 1.215053182897613132e-01
-2.412405067772158407e-01 -1.097476925438568146e-02
-3.961449288801447421e-01 -3.220657940292594688e-03
-2.755935398654009161e-01 -4.677707232197713012e-03
-3.357978153187821668e-01 8.037524964717797718e-03
-3.243348544186631099e-01 9.318605156491637995e-03
-4.422676272629485483e-01 3.429444450763619381e-03
-2.134840574556302883e-01 3.584932456158420461e-02
-7.937774131890419360e-01 4.975931295378735420e-04
-7.937774131890419360e-01 4.975931295378735420e-04
-8.483222497258264827e-01 4.197789403488621368e-04
-1.591110154876657357e-01 3.587058794666394407e-02
-2.022256147195401199e-01 3.217555455304855344e-02
-2.521664872099269594e-01 8.019711355769140390e-03
-2.390530039774614224e+01 -3.182791675482472742e-08
-8.083302446380399076e+00 -4.758125620555378325e-07
-7.871921795472312799e-02 1.031279750311778903e-01
-2.578955337305748330e-01 1.615357332741691829e-03
-1.710481002713678977e+00 5.203081324105349355e-05
-1.776681729123197995e+00 4.187235831652421253e-05
-1.475688156643859550e-01 8.071303258141297732e-02
-2.336395541178704072e-01 3.132048865405667043e-02
-2.518803429849115205e-01 1.402245350046424366e-02
-1.510659051143468240e-02 1.507899882338500919e-01
-6.073822569159002122e-02 1.311418824099306879e-01
-9.287584210738285273e-02 9.428450497124514496e-02
-5.388312573801762317e-03 3.976860773997852871e-01
-8.108737420730782654e-04 7.498467489549800469e-01
-3.728424520866611708e-03 4.529539018375706716e-01
-9.130226853032430683e-05 6.661423737328767691e-01
-1.498011155811918016e-02 2.819758266945390224e-01
-1.117635946515729492e-02 3.197678520782506473e-01
-2.259712297974978551e-02 2.544941360106589556e-01
-2.616418949043788911e-02 2.453628470842010578e-01
-1.073500607489999404e-06 7.432651687337182622e+00
-2.753241994495474817e-07 1.252179323921650322e+01
-3.228162750101584184e-09 7.960237113082592941e+01
-2.351784645522091827e-10 2.320038292017297579e+02
-3.598450821285426160e-13 3.620395381969940445e+03
-1.439440058697247452e-11 7.949556686362973323e+02
-1.407393458674720529e-09 1.247034404887317578e+02
-5.433871713221263051e-12 1.215634376064032040e+03
-5.228975824708265569e-12 1.240339936164400115e+03
-2.057309839227072544e-13 4.508272676899823637e+03
-1.149236125795475920e-13 5.960474706885772321e+03
-5.652813435870131669e-13 3.010441202597326082e+03
-6.831054314277494889e-14 7.273759175178960504e+03
-7.592054744324583674e-14 6.879184003642040807e+03
-2.416397409106995887e-11 6.522824734872355066e+02
-6.831054314277494889e-14 7.273759175178960504e+03
-7.592054744324583674e-14 6.879184003642040807e+03
-1.794470195091870037e-10 2.881255317139042518e+02
-4.698466879904552009e-10 1.944498481498119702e+02
-8.276453350973697901e-11 3.964299975980277395e+02
-2.869420795526672035e-12 1.585126224512505587e+03
-6.831054314277494889e-14 7.273759175178960504e+03
-7.978207921334210532e-14 6.858960173171328279e+03
-1.564006594017518984e-13 4.938366448902178490e+03
-1.564006594017518984e-13 4.938366448902178490e+03
-2.652581548488285101e-13 3.921998529675609461e+03
-1.072322534504245752e-13 5.881113400522681331e+03
-1.504797024183159659e-10 2.904133711545507595e+02
-6.384442091090273647e-13 2.824449534297442824e+03
-1.191095023687478786e-13 5.727596877479167233e+03
-6.700429398402731052e-02 1.305639909719583380e-01
-2.545607412701483135e-02 4.710074290269954805e-02
-5.200628214230555713e-02 3.727392879728792102e-02
-2.325280450813506719e-02 5.491530005137033182e-02
-1.951556220893806842e-02 5.077906461713584813e-02
-2.266853910340188745e-05 1.543528774813345272e+00
-6.615525294882686170e-05 8.031021244834543049e-01
-2.111177076124624451e-05 1.631784489816550998e+00
-5.261069980419377573e-04 3.057911210149923953e-01
-1.814026752871143624e-04 4.854271766286903933e-01
-4.221953138114937912e-05 9.917342605266354916e-01
-4.115031760913963544e-05 1.014932365154916916e+00
-5.392082844666049398e-05 8.860891398851489242e-01
-5.663236359860130992e-05 1.252198740878105454e+00
-3.346817594870169638e-02 2.227739432406366238e-01
-5.312672331891353864e-03 4.093151096753328555e-01
-3.257820138901699851e-03 4.675005213014382099e-01
-8.359546208144844059e-03 3.573558601575715366e-01
-5.393532986641125931e-03 4.097352589805767775e-01
-4.619412258416341995e-05 1.043478208498223037e+00
-5.201669989930923576e-05 1.032109686815034122e+00
-6.911589181725489629e-05 9.061258120220609946e-01
-4.619412258416341995e-05 1.043478208498223037e+00
-4.619412258416341995e-05 1.043478208498223037e+00
-5.201669989930923576e-05 1.032109686815034122e+00
-5.201669989930923576e-05 1.032109686815034122e+00
-3.506525303105393135e-05 1.276663072319896841e+00
-4.619412258416341995e-05 1.043478208498223037e+00
-2.172998571609055350e-05 1.532660298252525477e+00
-3.054042917942607698e-05 1.462895632679615865e+00
-2.315625616100717036e-05 1.587292918775461192e+00
-7.583047521663810551e-05 1.116902568431699549e+00
-1.646409068234499042e-04 8.369417601696707010e-01
-5.600498488256990237e-05 1.139593768104844695e+00
-2.513818794341258697e-03 2.524230220618207121e-01
-5.713386799629122667e-04 3.736447601070008728e-01
-1.000475879187500815e-03 3.001015007812046775e-01
-1.235612128134182600e-02 2.703432889282071372e-01
-1.094655326999212537e-02 3.119762147073427139e-01
-1.235612128134182600e-02 2.703432889282071372e-01
-1.578737124721861854e-02 2.260304497843383664e-01
-4.083089272138921977e-02 1.037556287098928137e-01
-4.354581994911078252e-02 1.024555022580421748e-01
-4.032105341521546316e-01 4.373475585950563176e-03
-3.911342955084499695e-01 4.831663267019722235e-03
-2.593011589682194251e-01 -5.644742374538546346e-03
-3.667155782611825621e-01 -3.983805045448446207e-03
4.809394732817405260e-17 1.457941695397433359e+05
-6.700429398402731052e-02 1.305639909719583380e-01
4.499382450668247042e-10 1.213308883268791618e+02
1.140207452886139087e-10 2.178992053726229017e+02
2.835380143955609820e-11 3.987083082499490843e+02
2.842538272885221419e-12 1.069536663455510734e+03
1.199875455614498234e-12 1.808499376580722583e+03
6.434686116791186340e-15 1.960796757762756170e+04
-4.089613583723587520e-01 1.436158323814716890e-03
8.499706406654466585e-08 1.169762418422018513e+01
4.256495128662605221e-07 6.277831233166831559e+00
1.647466782010758967e-08 1.749532447063362639e+01
1.647466782010758967e-08 1.749532447063362639e+01
1.151115824083925869e-10 2.278839932437882680e+02
9.187818161658124760e-03 2.741557372785722313e-01
7.225802572732326830e-06 1.902399067966570545e+00
-9.661706566584766626e-07 4.554159447665982796e+00
2.180285077662805996e-03 3.936984698359719537e-01
2.142274494901838469e-08 2.536279815529660198e+01
-2.210686876411432640e-04 1.096740676739214715e+00
1.789136505561392861e-04 9.851313291932483063e-01
2.624508044357520311e-06 4.922396091412408303e+00
4.174238865730428717e-13 4.994567442373379890e+03
1.170651748477205249e-18 1.165631212668471970e+06
1.170651748477205249e-18 1.165631212668471970e+06
9.479634864061305701e-15 2.840502055878866668e+04
2.346966816290893302e-15 5.000423028056600742e+04
1.170651748477205249e-18 1.165631212668471970e+06
1.170651748477205249e-18 1.165631212668471970e+06
2.346966816290893302e-15 5.000423028056600742e+04
2.346966816290893302e-15 5.000423028056600742e+04
2.618676230697300259e-15 4.638738157208258053e+04
4.434157662212474873e-16 7.443050012188999972e+04
7.885892609969874545e-16 8.691739016269060085e+04
1.609675424306753960e-15 4.191800210383434023e+04
4.225010740923111189e-16 1.218683595942518587e+05
4.719512591561303653e-19 2.149647692121233325e+06
2.896154950554767821e-19 2.422262257928329054e+06
2.838574640700548762e-16 1.526169726028274454e+05
1.665804551216367337e-19 3.912733359816633631e+06
9.064960011968373503e-17 2.712436920076771057e+05
2.563725595433335942e-16 1.671866067116431659e+05
6.479381468157666993e-17 3.170565469015393755e+05
3.942224548431818764e-18 1.105353969826991670e+06
8.908879307968079588e-17 2.695849204434609856e+05
5.980113763114307421e-12 1.484905534368188000e+03
2.313282899295244647e-16 1.683653640216922213e+05
1.542264003607664269e-19 4.393931588194681332e+06
2.230266346560328924e-16 1.750099979454236163e+05
8.908879307968079588e-17 2.695849204434609856e+05
9.546271357686898712e-18 8.611946733533854131e+05
1.029501860282203979e-19 6.904761723197044805e+06
1.240282922538304382e-17 7.884078028262932785e+05
7.109511769711466193e-17 3.341916977586460998e+05
2.825737743522336206e-20 1.223072621111799031e+07
6.855869528598550626e-18 1.039378958369222004e+06
2.995352203858188550e-19 4.901169524761443026e+06
1.677353425371081409e-20 1.775566171883892640e+07
1.696862029666405016e-20 1.712160502623263374e+07
1.772635971637470041e-19 6.249831124678194523e+06
1.677353425371081409e-20 1.775566171883892640e+07
1.677353425371081409e-20 1.775566171883892640e+07
1.620048180794808906e-19 6.261669506947280839e+06
5.075668255873775078e-19 3.785738336187856738e+06
1.119039826075656764e-19 7.262949343366614543e+06
3.039544978429495521e-19 4.811744100194620900e+06
1.962477160354585796e-19 5.870606804391076788e+06
4.187482073283406323e-20 1.198825746567094140e+07
2.770059085453498183e-20 1.458339622005610354e+07
4.287740829180119822e-20 1.225757071554861777e+07
-2.412405067772158407e-01 -1.097476925438568146e-02
-5.988592686946395821e-02 -6.971334171634216426e-02
-1.301721997130423913e-01 -5.057447359684482530e-02
-1.064841487076213511e-01 -6.838831254741921384e-02
-3.474370167291087053e-01 6.498756204959698149e-03
-3.381757485056213208e-01 7.692141815747189845e-03
-2.873441391741675122e-01 -9.480048892704697958e-03
-2.333971105212895580e-01 -1.998841653627165052e-02
-4.383212675900886054e-10 5.776538703273809006e+02
4.444679638593101796e-10 1.025311671764150816e+02
-1.305375151634193974e-04 -7.046175689183392654e-01
4.189608315501458529e-05 -6.865487569690843506e-01
5.485706318995901224e-04 -5.322525775774576973e-01
-2.171742296289496388e-01 5.504045797482044755e-03
-2.073689241313292075e-01 -1.021127033004579424e-02
-4.046117966575506382e-03 9.726791831961430213e-02
-1.708216415393772059e-01 5.919520991634075885e-02
-6.278851428088630948e-01 1.347339981791278616e-03
-4.190326351361584600e-01 4.480395726152258846e-03
-5.898423829421256537e-01 1.493209459242429357e-03
-8.231715211173081803e-01 4.514471967040382602e-04
-8.483222497258264827e-01 4.197789403488621368e-04
-1.167722874553586976e-01 6.065653941362947332e-02
-4.383212675900886054e-10 5.776538703273809006e+02
4.444679638593101796e-10 1.025311671764150816e+02
-4.159524938264150783e-03 3.603525945012641674e-01
-4.048351552172879675e-02 1.574204805254259265e-01
-1.775893649179407369e-02 1.560421663277313242e-01
-2.000768025164190861e-02 1.728754444793325074e-01
-2.509743550558835024e-02 1.267275120950493716e-01
5.616916195634519444e-03 2.657655771188825455e-01
-1.546548859918411012e-01 7.489997593306735313e-02
-4.119374124775609936e-02 2.126964600983658749e-01
-1.549962196393045133e+01 -5.066984571042699068e-08
-7.554365541947956508e+00 -3.781115554516772668e-07
-1.192329946727045638e+02 4.973538824775307977e-11
-1.055673652913268645e+00 2.039595353774371835e-04
-2.626202876348454396e+01 2.357899860990426208e-08
-2.174385465079300625e-02 2.011665207476653894e-01
4.390894922693684699e-02 1.754499701935085254e-01
6.332134330027905378e-02 1.235938393009588937e-01
7.840470107176150324e-03 3.028137136933903295e-01
8.173242489851711978e-03 2.963432670918564327e-01
1.513150131070727100e-02 2.386954024631195992e-01
-4.246345765599027211e-03 -2.072162737216896589e-01
-2.798843908096471447e-02 -2.307502755011158618e-02
-1.410955235934531482e-01 -1.616605799173317232e-02
-1.548798541057289924e-01 -1.866561888721785314e-02
-1.298512562732694053e-01 -1.556808447254106817e-02
-2.755935398654009161e-01 -4.677707232197713012e-03
-2.980163057353678591e-01 -3.567842588973058147e-03
-2.321116663521316792e-01 -6.004651265928110000e-03
-1.489494429697757472e-01 -5.972644840374145142e-02
-1.477244774186685372e-01 -5.723600130131372560e-02
-1.321220907325159066e-01 -1.994276325087831689e-02
-3.357978153187821668e-01 8.037524964717797718e-03
-4.221770629183578261e-01 3.820015182182755382e-03
-4.026488953474316457e-01 4.530694863857166396e-03
-7.027638197059226854e+01 2.187903487786837635e-09
-3.848956003328365938e+01 1.394199296667840491e-08
-2.929323006571792121e+02 1.063325648025060796e-11
-4.890412832339378291e+00 9.790550958221862168e-07
-8.780016576245209592e+01 -3.611831493245229458e-09
-7.765055572965484032e+01 -4.389127744109100740e-09
-4.536942259134325361e+00 -4.599911714132179205e-06
-7.076357568355118310e-01 -2.893562181785077573e-04
-3.726078242026477638e-01 -7.722724680499273289e-04
-2.247273821971156762e-10 7.993735266038544296e+02
-4.383212675900886054e-10 5.776538703273809006e+02
4.444679638593101796e-10 1.025311671764150816e+02
-5.042017180902891998e-02 1.934764822099130921e-01
-4.542546944700699701e-06 2.447122663666807085e+00
2.476788709723134053e-04 5.890123610452662195e-01
-5.635993749897476299e-06 2.450563250026224438e+00
-1.275059954535703779e-03 -2.773033246235263038e-01
-3.281175323634585167e-02 -1.628015724719293067e-01
-2.399540793792400654e-03 -1.299428290926978591e-01
-4.849519623491123366e-03 -7.733579863534749410e-02
-2.611723212790846398e-03 -1.202574914846321757e-01
-6.073680150936297886e-03 -6.826753817775557676e-02
-4.025887243420280155e-03 -8.764518126056614067e-02
-4.025887243420280155e-03 -8.764518126056614067e-02
-2.446994648096371128e-01 3.444028025147294857e-03
-3.053265662456356930e-02 -6.933786780201013633e-02
4.189608315501458529e-05 -6.865487569690843506e-01
-1.520802698141826038e-02 -1.327471687405906986e-01
-4.584895070773539500e-05 -7.517512606120091423e-01
-1.305375151634193974e-04 -7.046175689183392654e-01
-9.956143121256911502e-05 -7.562263757441768375e-01
-1.384516834266327431e-04 -7.212886235870894502e-01
-1.354396586648413340e-03 -1.119267732957500844e-01
-4.431479007995699367e-04 -5.603055580107854095e-01
-4.237019209044270290e-02 -1.120346402960952781e-01
-3.948421129254936490e-02 -1.316619768381268873e-01
-1.140962090337326387e-02 -2.236456627019914878e-01
-5.473474602182638697e-03 -2.644251810736433228e-01
-5.473474602182638697e-03 -2.644251810736433228e-01
-3.318655110099050926e-02 -7.353629337181193104e-02
-3.123976439051141807e-02 -7.320929877963319732e-02
-1.552909804822775498e-02 -3.117278279400161750e-02
-3.835543568107896428e-02 -1.570478516834357061e-02
-1.592534721151125238e-02 -3.025453749006189186e-02
-2.161153297612815050e-01 -2.355602065692307540e-02
-1.187222460554201858e-01 -7.778792260446809603e-02
-2.287799627152757309e-01 -1.981053255790767020e-02
-2.566512072219632734e-01 -1.392031331084155402e-02
-2.628590457694036653e-01 -1.296422198894076581e-02
-2.628590457694036653e-01 -1.296422198894076581e-02
-1.185670176406482673e-01 -7.734267686131032771e-02
-2.612356676398607247e-01 -1.308746218496366874e-02
-1.165183958419088173e-01 -7.813153769348100963e-02
-2.532380658746434809e-01 -1.411226416548318208e-02
-4.376386779163948804e-02 -3.492955229386810172e-03
-9.760291042328930744e-02 -4.285428448651091085e-03
-2.102758599356320188e-02 -4.520667000474417468e-02
-5.611039281300888443e-02 -6.761506412891353512e-02
-1.981817128935388361e-01 3.941489753700200271e-02
-3.098199652253386116e-01 1.138227357745762343e-02
-9.772406261676581940e-02 8.913664632435105983e-02
-1.809857788721551120e-01 4.920281582807157356e-02
-8.259387374564543249e-02 1.176653654223364792e-01
-2.409847801127308620e-01 2.779399449524317181e-02
-4.874468548526209727e-02 1.256246481845423590e-01
-1.730078140679542076e-01 4.059980545977282668e-02
-1.348721515275940752e-01 7.044800592510785942e-02
-5.104741935918872403e-02 1.486767341003756571e-01
-4.317934197521648698e-02 1.412202825356554392e-01
-4.218240726853711431e-02 1.396623393716196204e-01
-4.806661935005429598e-02 1.453618957804749534e-01
-4.268360955579606625e-02 1.457408463416694777e-01
-4.651001844026449866e-02 1.467811697027867346e-01
-4.250486294406258941e-02 1.427443441389159295e-01
-7.679518327800945177e-02 1.319428461494151494e-01
-8.000295266584346587e-02 1.372633369772222056e-01
-7.683161486787722094e-02 1.137689791507266179e-01
-4.478875871375127132e-02 1.400382986691009468e-01
-4.642795142076850540e-02 1.640100543613878248e-01
-4.030730085000901880e-02 1.732756735699051975e-01
-4.338314078809640123e-02 1.418984984033758168e-01
-4.710252946491551296e-02 1.423098994257729066e-01
-6.879686482742788933e-02 1.630922640739783935e-01
-6.991780359822710733e-02 1.616138238452115850e-01
-9.447907621506604348e-02 1.214847311312014649e-01
-9.344122348946519441e-02 1.152366564253849146e-01
-1.283597472507275739e-01 9.204230917041686388e-02
-1.236876472771399754e-01 9.592178387473933310e-02
-3.388052583473306206e-02 9.284361486863200452e-02
-9.592278017304017856e-02 1.346589249568960478e-01
-9.601371910938710785e-02 1.343603124070923971e-01
-1.063426574740370806e-01 7.429189412559612793e-02
-9.801315621016012947e-02 8.362042518769562116e-02
-3.804383556547201450e-02 2.171277968170931827e-01
-3.771557978959434732e-02 2.177450790028624683e-01
-5.992409898467552370e-02 9.760813424808256755e-02
-7.126125785003852020e-02 1.639159876509766189e-01
-6.858448490575173861e-02 1.668918325938925917e-01
-1.374174736177411482e-01 4.651895077757380037e-02
-6.219843636325950859e-02 1.625571795195952796e-01
-1.673866997636616893e-01 1.695497109722182011e-02
-1.965951404978858175e-01 1.728680353595318797e-02
-1.866257198494999936e-01 1.534838511926652459e-02
-1.421117443525467816e-01 2.032467119946794118e-02
-2.143708580060215974e-01 2.504746721495112322e-02
-9.735290757128692296e-02 6.523422191468973563e-02
-9.477989580499023015e-02 5.765235474093068080e-02
-1.017386533648794583e-01 4.795087154442203431e-02
-1.299693307183683311e-01 3.733126421237267789e-02
-2.140425333064706614e-01 2.582662561701594764e-02
-2.064759944728777052e-01 2.725345752065633231e-02
-4.320958967711920756e-02 1.861707597814759862e-01
-9.816293495535038938e-02 7.176432022892441365e-02
-1.202440717514621921e-01 2.863306986745768612e-02
-7.073026968915678558e-02 1.351257886163686750e-01
-1.232521444229545543e-01 7.062391563253563043e-02
4.693916234092992967e-02 9.636998312398201150e-02
3.142446012850062809e-02 9.242764898507131732e-02
-7.211939612571440514e-04 7.901253427437411603e-02
-1.091618906564048412e-02 6.892921672372549768e-02
-4.363919690479302338e-02 1.933927889438525338e-01
-6.406114528087133997e-02 1.583311868288575230e-01
2.525019426465207467e-02 1.506516417535924690e-01
3.384169437143389608e-02 1.423495858326042918e-01
4.257456552329016292e-02 1.365407434599356651e-01
5.045250610378035350e-02 1.304744532727627471e-01
5.330329180014703461e-02 1.266463535289165110e-01
3.568116097618417859e-02 1.796984842153760420e-01
3.614244479682728745e-02 1.803346471695481679e-01
6.584402732819681636e-02 8.662489979118583039e-02
2.135719846829451860e-02 1.303816991543581272e-01
2.327313534282216684e-02 1.460407092060853340e-01
5.330450216329284813e-02 1.162223843452725169e-01
4.745722462116356427e-02 1.244842872560764646e-01
-3.128889331158712234e-02 8.022040739849739532e-02
-1.094774858017556231e-02 6.004130016701524075e-02
4.469948806182615780e-02 1.079688311022192621e-01
3.866608066927493259e-02 1.453649683177736796e-01
4.263427543450858115e-02 1.209062875775124279e-01
-3.006176388356107849e-03 1.398208444744135082e-01
2.531417903182909754e-02 1.126389159375240090e-01
7.975805603113460956e-03 8.614220489974647177e-02
-1.206551954093146306e-02 6.545656029099501672e-02
-2.330770609388414447e-02 9.664983232503912558e-02
-5.488552605311509958e-03 6.297680294644376897e-02
-1.937481941311358299e-02 9.207927903388123114e-02
-8.061275311659798354e-03 7.290747874928156513e-02
1.107613340605236030e-02 7.691087711025222651e-02
-2.672724228474023574e-03 6.940510619499207223e-02
-1.934509946686001000e-02 1.734615945700636319e-01
4.374402544785678526e-02 1.177434536733790310e-01
4.624436565850566228e-02 1.322515377570912254e-01
3.237376125981571151e-02 3.671404033320205262e-02
-2.083967885510438350e-02 7.688339091357365707e-02
-2.412405067772158407e-01 -1.097476925438568146e-02
-1.628712882223123937e-01 -3.097479491315178676e-02
-1.370505852747687103e-01 -2.492401691555764381e-02
-2.045534618509108338e-01 -2.439287148178575712e-02
-2.045431991645887959e-01 -2.439581124616512983e-02
-5.601579537955267418e-02 1.308773080143803280e-01
-6.142768896876868445e-02 1.751910636352484174e-01
-1.677371342682192935e-03 5.395410059017413662e-01
-5.079950165107215187e-04 7.227497632723731691e-01
-2.958290840569899956e-04 7.522903389982639188e-01
-1.764760037141366463e-05 1.271475456215472200e+00
-1.621997162764413745e-05 1.269321766699380793e+00
-2.586605535337046990e-05 1.073339236986389222e+00
-2.272223889206796926e-04 8.809898860138296595e-01
-1.711895207070245127e-04 8.278472217713392922e-01
-1.621997162764413745e-05 1.269321766699380793e+00
-3.222440014406644415e-04 7.524037173647789567e-01
-2.271595655315698412e-04 8.588090656606177653e-01
-2.272223889206796926e-04 8.809898860138296595e-01
-2.586605535337046990e-05 1.073339236986389222e+00
-1.764760037141366463e-05 1.271475456215472200e+00
-1.764760037141366463e-05 1.271475456215472200e+00
-1.621997162764413745e-05 1.269321766699380793e+00
-1.711895207070245127e-04 8.278472217713392922e-01
-3.222440014406644415e-04 7.524037173647789567e-01
1.010048378258354658e-08 2.152799388734661790e+01
-1.855997339941703363e-06 4.115254040201053343e+00
-1.169639118963919713e-02 2.746314032454540977e-01
-1.054388498657841122e-01 1.121862946868414507e-01
5.804445954452501499e-03 3.415583126473153985e-01
-1.036578496890208922e-01 -1.641393531869055067e-02
-4.999666573545846204e-01 2.442912042357850508e-03
-1.631774019860658242e+01 8.349718482112544095e-08
-8.915155768594871688e+01 3.272241980795990624e-10
-1.613218333075089959e+02 -2.029723828764946228e-13
-7.765055572965484032e+01 -4.389127744109100740e-09
-7.407015235295436639e+01 -3.297411720265481861e-09
-8.523477050166164304e+01 -4.216766544335601008e-09
-1.362726994933717295e+00 -7.985497691667953473e-05
-3.511105771124733099e+00 -8.073389442285039392e-06
-4.536942259134325361e+00 -4.599911714132179205e-06
-6.763665893227586157e-01 -3.070882582512107924e-04
-3.726078242026477638e-01 -7.722724680499273289e-04
-1.925036337484486437e-01 -1.786982003259417195e-02
-1.815426521524287073e-01 -3.007039370449697199e-02
-2.031439219724842371e-01 1.324905240564172582e-02
-2.054705340902940325e-01 -2.002790270196911498e-02
-2.336395541178704072e-01 3.132048865405667043e-02
-5.305543489210006597e-02 1.907820148383991554e-01
-4.383212675900886054e-10 5.776538703273809006e+02
4.444679638593101796e-10 1.025311671764150816e+02
-2.346806826673568103e-01 1.325639168058791346e-02
5.648130454468376464e-03 2.437628397743339670e-01
-3.726078242026477638e-01 -7.722724680499273289e-04
-1.257164913230668368e-01 1.001559571061362286e-01
4.444679638593101796e-10 1.025311671764150816e+02
-4.085802394571998175e-02 1.040778986040132165e-01
-1.544295673541576375e-01 7.910517503016886720e-02
-1.157217979457272200e-01 1.097909600015058162e-01
-4.119374124775609936e-02 2.126964600983658749e-01
-1.278669396954785542e+00 7.866079190007076855e-05
-2.252648963375222309e+02 3.656066515983989377e-11
-5.734236378400056289e+00 8.858892728684042303e-07
-5.898423829421256537e-01 1.493209459242429357e-03
-2.399540793792400654e-03 -1.299428290926978591e-01
-1.766890152965169521e-03 -2.570628934830902490e-01
3.250721886572416862e-03 2.243291978030673428e-01
6.863317601425510811e-03 3.207270712365529741e-01
-1.621551666544230885e-01 -2.925386912149612745e-02
4.390894922693684699e-02 1.754499701935085254e-01
-1.647113706503798847e-01 -3.187126211563848927e-02
-2.521664872099269594e-01 8.019711355769140390e-03
-4.873664429693494449e-01 2.182663597586439151e-03
-5.670635900955901576e+01 -9.575184989829552108e-09
-4.536942259134325361e+00 -4.599911714132179205e-06
-2.972409078905449142e-01 8.557828402104885809e-03
-2.578955337305748330e-01 1.615357332741691829e-03
-1.776681729123197995e+00 4.187235831652421253e-05
-1.774669911752797757e+00 3.788325840864727992e-05
-2.957555595028853911e-05 2.100610165604652746e+00
-5.042017180902891998e-02 1.934764822099130921e-01
-2.115437793129784083e-01 -2.655629537379138733e-02
4.444679638593101796e-10 1.025311671764150816e+02
-8.089268955463062037e-10 4.239950448930616744e+02
-3.715208783348275310e-09 1.982821579324231038e+02
-1.014249642509500394e-08 1.234230049887866016e+02
-1.777893613773489648e-10 9.039348707624569670e+02
4.444679638593101796e-10 1.025311671764150816e+02
-9.841986640248093186e-06 3.282762624723148726e+00
-7.191343780694106303e-06 3.624399588661721516e+00
-3.712447521085536491e-06 2.964154412312679732e+00
-4.633954120138649053e-03 4.234034409370975860e-01
-6.110000186353807816e-01 1.348860083968368186e-03
-6.752834377286572043e-02 1.402306560242657096e-01
-2.613325637337868268e-01 1.831142244283082143e-02
-5.486301039917274719e-02 8.898071429115314568e-02
-6.343010135771792735e-02 1.221020061492687353e-01
-6.388891645199284985e-02 8.665197329732655940e-02
-1.033215924807570907e-01 -6.192130878468694172e-02
-9.457182561430571566e-02 -8.646317002744431657e-02
-6.029732936516567499e-01 -2.965263700793561302e-04
-6.390846365358366921e-01 -2.635317431310664569e-04
-5.704379853831498259e-01 -2.140659220322435694e-04
-7.945808941446337315e-01 -1.448477279491795365e-04
-8.445485401270608206e-01 -1.271621403524394957e-04
-2.251205533017704985e-01 5.427724096299661044e-03
-1.775893649179407369e-02 1.560421663277313242e-01
-1.775893649179407369e-02 1.560421663277313242e-01
-4.151964956421180103e-02 8.540423659591955818e-02
-6.209841197055538525e-02 4.436646558238985932e-02
-2.474277316738387467e-01 2.613064553069627260e-02
-2.464241956838828795e-01 2.641246971376253957e-02
-1.428960984956685609e-01 4.376929012778619371e-02
-1.879366226164976561e-01 2.497921554178142434e-02
-1.803229754708871868e-01 3.415564286761071933e-02
-2.552972331367089898e-01 1.207433584601257624e-02
-2.554356645249969415e-01 1.209316714682945500e-02
-1.857752367121412729e-01 3.905436003420824365e-02
-1.730078140679542076e-01 4.059980545977282668e-02
-1.964394314195647140e-01 3.387689607678479736e-02
-1.553190046502197219e-01 2.335199741463183168e-02
-1.548607624090388157e-01 2.357280015453425831e-02
-2.409847801127308620e-01 2.779399449524317181e-02
-2.411549380158041767e-01 2.777603252955518007e-02
-5.838613758907540419e-01 8.861765813527107839e-04
-5.467753955700638269e-01 1.135832346726128091e-03
-5.917972938923906634e-01 8.418624183729678592e-04
-5.346323011639034783e-01 1.268103433391534491e-03
-2.586629126963233549e-01 1.400317847815819167e-02
-2.663883656176587178e-01 1.305597035420331606e-02
-2.960685883145657282e-01 1.524182189872783956e-02
-3.119189469643257051e-01 1.202140684819533699e-02
-2.815630923617553627e-01 1.710245348266638266e-02
-2.853452656577080138e-01 1.597893743945521042e-02
-2.770823483813907862e-01 1.679263933621195914e-02
-2.789359980702567632e-01 1.621665055356543567e-02
-2.653303556607359837e-01 9.084665654572868579e-03
-2.646651580079877331e-01 6.194211677534358293e-03
-2.846834772721355544e-01 4.436556379839298389e-03
-3.163546829156655971e-01 1.055025449808997401e-02
-3.098510337430983586e-01 1.031508930540609402e-02
-1.242201700423611332e-01 7.801365462065561196e-02
-1.809857788721551120e-01 4.920281582807157356e-02
-2.534861158076695542e-01 2.134692925547782352e-02
-2.538533811607461277e-01 2.053315586976429269e-02
-3.411711143557822901e-01 7.234682831666054692e-03
-3.505174619511801093e-01 6.891637245456303656e-03
-2.230960190261140619e-01 2.601024348042388704e-02
-1.766581011111382493e-01 1.795026283286835916e-02
-3.047034896219970590e-01 -4.240920211317893325e-03
-2.399540793792400654e-03 -1.299428290926978591e-01
-3.867420199766828937e-01 5.018999506836977452e-03
-3.357978153187821668e-01 8.037524964717797718e-03
-3.658045743477676748e+00 9.280931390019745282e-06
-1.012471260297941029e+02 6.019037567947829276e-10
-5.299536803920584305e+01 7.643761801062329898e-10
-3.141938793393723017e+02 8.153397627016157237e-12
-3.141938793393723017e+02 8.153397627016157237e-12
-1.012471260297941029e+02 6.019037567947829276e-10
-7.069121696949619604e+01 1.434681911149343609e-10
-3.141938793393723017e+02 8.153397627016157237e-12
-3.869306534799989095e+01 3.323996356576014911e-10
-1.123167078414179443e+01 -1.348016531652564293e-08
-1.623183443763616651e+01 1.366142897432847134e-09
-6.734755751657365863e+01 -4.018264571934231609e-09
-5.670635900955901576e+01 -9.575184989829552108e-09
-3.726078242026477638e-01 -7.722724680499273289e-04
-2.193007323428614597e-01 -1.793536788603601606e-02
-2.194527947542749269e-01 -1.162808324839708154e-02
-2.090869119241882748e-02 2.424217046690995137e-01
-5.993766327701996466e-02 1.349383490363833260e-01
-5.722740162180506990e-02 1.309859630788852980e-01
-1.029241914045479767e-01 1.110339030013037243e-01
-1.185811761557180877e-01 8.856036453377033602e-02
-4.441768594697089595e-02 1.402880653576324965e-01
-3.710050578416977662e-02 1.033514710650159235e-01
-9.990800448031793290e-02 1.125022358983096965e-01
-1.162849198578175813e-01 1.103602747079001078e-01
-8.077782503267250114e-02 9.507125706124414100e-02
-1.200979809087651673e-01 1.094100776299519046e-01
-2.686954844076215685e-03 1.708667169711913514e-01
-5.576506330440973713e-02 2.088896760603453293e-02
-3.475137734470137022e-06 4.635062170791224290e+00
-2.047812336309072587e-03 1.014680026494368947e-01
-1.845150928169922693e-03 1.341237987424091505e-01
-1.522244710841880655e-03 1.032302677376778360e-01
-4.423459122068535213e-03 4.552435499679435837e-01
-4.232310044810609628e-04 2.373994910261627567e-01
-1.750710907649512781e-04 4.160636375829719347e-01
-1.402285546045237911e-04 1.439981887203584332e+00
-1.858274014448095318e-04 4.027278701613057899e-01
-5.751875537607540424e-05 1.991518980567970498e+00
-3.473073443060410216e-05 1.392130650898853572e+00
-2.034373448757831343e-05 2.928919730518346309e+00
-9.160374006951912926e-06 2.614982682416605364e+00
-3.475137734470137022e-06 4.635062170791224290e+00
-5.575583846603793550e-06 3.489457223594168767e+00
-8.102749509214378392e-06 2.853080008357613107e+00
-5.205755639982616987e-07 1.450726985518488021e+01
-5.205755639982616987e-07 1.450726985518488021e+01
-3.475137734470137022e-06 4.635062170791224290e+00
-1.452921423984113573e-07 3.017232471925040116e+01
-4.629834682768854761e-08 5.677219646108575546e+01
-4.629834682768854761e-08 5.677219646108575546e+01
-1.018752680669073807e-07 3.739362041420726257e+01
-7.082998354132941028e-08 4.774320276893663362e+01
-1.110578127877366115e-07 3.909320814714308767e+01
-3.679210647113487032e-09 1.938267460449703492e+02
-4.260076403499675571e-09 1.751881730935539849e+02
-2.391090658305712736e-09 1.759921942908358972e+02
-1.717261755499891697e-09 2.074981229214984069e+02
-1.541620409091642223e-09 2.350409091990276522e+02
-1.337521811821299039e-09 1.663532062211660332e+02
-3.058843937070527175e-10 4.187487321673642100e+02
-3.493839460120822939e-10 3.632340147646951891e+02
-7.577612538098704061e-10 2.120246809011700861e+02
-7.577612538098704061e-10 2.120246809011700861e+02
-3.897336029020732928e-10 3.064403207456581413e+02
-4.833394957813964056e-10 2.740784181597461497e+02
-2.180135337503100179e-02 2.523234497806872700e-01
-2.176640535589972891e-02 2.475581624708178552e-01
-2.661209853571723863e-02 1.561596902005977783e-01
-1.162713660107776194e-02 2.545551269622862156e-01
-1.056077427933494427e-02 2.667424842876272573e-01
-2.554070353132850690e-02 2.410004571548733099e-01
-2.637735442998480687e-02 2.390256420937946491e-01
-2.736230829513332241e-02 2.309475426405745435e-01
-2.503657442571094807e-02 2.379397915759385307e-01
-1.270021672241455346e-01 5.735494897499846673e-02
-1.246546445958539723e-01 5.705770417648049070e-02
-1.270780440209880180e-01 5.500575738341919457e-02
-1.297966153217801899e-01 5.769324287801896878e-02
-1.100711401194974931e-01 1.061437788090225653e-01
-1.052270581903065605e-01 1.123626653103247108e-01
-1.017323056677674475e-01 1.096177892615505245e-01
-1.006693287442190915e-01 1.087747570445265766e-01
-1.511363722527355249e-02 2.914826992993462818e-01
-1.927826646539047492e-02 2.275607245217430574e-01
-2.779974618570094785e-02 2.002490307154960458e-01
-8.120715609859457951e-02 1.027452894697492569e-01
-6.179682212550124260e-02 1.124794888638849660e-01
-6.081736756287040718e-02 1.081831786372949300e-01
-4.659698802414880686e-02 9.641281923126379660e-02
-2.178908294373099741e-02 1.926966790590544931e-01
-1.636973805636064011e-02 2.256916539600725136e-01
-1.787685564114152928e-02 1.877393370593753441e-01
-3.633655972798426059e-02 1.846074516936160315e-01
-1.682344609572456254e-02 1.753791532945231102e-01
-1.493891158243205661e-02 1.717823308338223554e-01
-1.227840823556430871e-02 1.825033492366167909e-01
-1.456934541944198899e-02 1.717162843437023967e-01
-4.848851839804831088e-02 9.864072254220605795e-02
-4.741972199335638821e-02 9.733305792422704272e-02
-4.645801259192507138e-02 9.772680580846497544e-02
-7.779523786089348469e-02 1.168183420929999189e-01
-1.227840823556430871e-02 1.825033492366167909e-01
-3.855135308428250113e-02 1.661437201065075475e-01
-1.730082854946379464e-02 2.055179924890460086e-01
-1.268232194446323319e-02 2.043542150000736135e-01
-1.337423080468900030e-02 2.036955391665559167e-01
-1.351929830319850180e-02 2.062501283943045105e-01
-2.412405067772158407e-01 -1.097476925438568146e-02
-1.123726984538623297e-01 -5.472301472097753500e-02
-1.562492252493510869e-01 -3.558790130104726862e-02
-1.614022254989134486e-01 -3.154379536281287644e-02
-1.105625585581546111e-01 -5.567168269423649479e-02
-2.021563090132438567e-01 -1.930630161750943388e-02
-2.726163261704106500e-01 -6.264898003099631310e-03
-3.047034896219970590e-01 -4.240920211317893325e-03
-2.959786755559135063e-01 -4.680149200330961656e-03
-4.568111987177219113e-01 -7.679722267423369410e-04
-4.093657106452966987e-01 -2.753578047974497654e-03
-4.624966921686917143e-01 -1.699599943815504471e-03
-4.498956273329689504e-01 -1.972559610476817132e-03
9.599508554065438148e-13 1.189281185880782459e+03
3.061657007440514487e-14 5.950690753046324062e+03
1.647466782010758967e-08 1.749532447063362639e+01
-9.071843202753110402e-02 6.414292128524008707e-02
-1.522217544050813443e-01 7.855139744487024678e-02
-1.770807547901716850e-01 5.344952908182129536e-02
-2.069918627428984637e-01 -8.987714305578563267e-03
-2.080752256687440349e-01 -7.057876664010300991e-03
-1.516307277855010460e-01 -9.172909233762899586e-03
-2.197635078817693488e-01 3.701642474647608844e-02
-3.625735095250430251e-01 6.123691034100198910e-03
-3.534803406172510321e-01 4.737334447260282792e-03
-3.853176206769521328e-01 4.294297751464071396e-03
-9.769096371332481876e-01 3.593264534635796557e-04
-8.721982943778442410e-01 4.922054651374199079e-04
-7.682468255506711419e-01 7.078930758421543004e-04
-1.690385811650315206e+00 6.649802991813432123e-05
-1.728550311750308932e+00 6.356855323338791899e-05
-1.685358009196974871e+00 6.969247017540401831e-05
-1.545542216294249149e+00 8.450601318086627697e-05
-1.545542216294249149e+00 8.450601318086627697e-05
-1.663560576200750152e+00 6.921461531638092824e-05
-1.207883289759161372e+00 1.935262015546921699e-04
-1.066177975592029092e+00 2.720239371526783569e-04
-6.737065480008513907e-01 7.264103612985062285e-04
-5.217183265264085934e-01 -7.321008039982636502e-04
-6.391132582473562085e-01 -4.145701423933623024e-04
-1.124583362687716637e+00 -6.628234191483707355e-05
-4.738457141599045075e-01 -8.594582313517054898e-04
-6.412927227572718936e-01 -3.298047246922906624e-04
-9.638315078878062492e-01 -8.839393025675168123e-05
-1.117031426818881679e+00 -6.612546640970108441e-05
-1.652638209888158127e-01 -2.109668617005636560e-03
-5.742702366950640930e-02 7.814967116005910874e-02
-1.607653897032204626e-01 7.504463215228898698e-02
-1.789750972511988947e-01 4.510406258865469475e-02
-1.051250138960027475e-01 1.247887730288836927e-01
-1.898351387065386475e-01 2.716679334677210220e-02
-1.870372864080963315e-01 1.517378954310913755e-02
-1.086202686093311193e-01 6.622460788397095677e-02
-2.248833913312003052e-01 1.075340827157631254e-02
-2.254127201528338675e-01 1.506838033412731363e-02
-3.083960393220708252e-01 -5.689298325767800507e-03
-3.267884737976149423e-01 -4.948846192008678722e-03
-2.215667212094593053e-01 -9.745697830021151850e-03
-2.891950410445761621e-01 -6.574500573293948387e-03
-2.695258449712731874e-01 -6.337860574231047109e-03
-3.303338644144798719e-01 -3.980500296047477862e-03
-3.807912645285763675e-01 2.473934378065364070e-04
-3.680672402312158420e-01 -2.073968271220251371e-03
-3.507159247385319700e-01 1.543638679615571456e-03
-3.056631679503202248e-01 3.492241896793148084e-03
-1.457226573788866775e-01 4.307297421266374944e-03
-1.220121725846258151e-02 3.122630688357235229e-01
-1.220121725846258151e-02 3.122630688357235229e-01
-1.701107531818356888e-01 -8.538652362048640291e-04
-2.054284039357740510e-01 4.109386762195348965e-03
-1.990191542613585218e-01 3.059590504946035211e-02
-3.192827846516199108e-01 1.151382586775861507e-02
-3.080626705667215415e-01 1.296623067724369041e-02
-3.249467599069474910e-01 1.086939785174047268e-02
-1.776200015956601874e-01 2.834283090125418875e-02
-1.685714038373903878e-01 2.724239161037944959e-02
-5.437598332656551348e-02 1.479849815699869342e-01
-1.522050372991185785e-01 7.323471199021827464e-03
-8.378840686420468563e-05 1.724715626842812544e+00
-2.327141561864879728e-03 4.247680322446829582e-01
-8.244481305097879631e-02 9.538676444209931438e-02
-7.318754819553607849e-02 9.863250274930740469e-02
-2.887938403628183878e-03 3.691905093792444692e-01
-9.225390730969888764e-03 2.278087069397611020e-01
-2.431524652622666510e-02 1.664209909095960283e-01
-1.248663062109904923e-02 2.025292483987710668e-01
-5.371348803843532110e-02 1.489039535810290360e-01
-1.027275557171024900e-06 1.230828834856276188e+01
-1.681555103546086578e-03 5.902590096940627529e-01
-2.619068299292393823e-04 3.239662993590771700e-01
-2.022694193644858363e-02 2.610400621440197022e-01
-2.153738860638890196e-01 2.967978818770454150e-02
-2.272077554134734334e-01 2.703543421766065394e-02
4.444679638593101796e-10 1.025311671764150816e+02
-9.083402998109169069e-02 3.905207469307354212e-02
-5.209183194627839408e-02 7.754720709153885283e-02
-5.042017180902891998e-02 1.934764822099130921e-01
-5.308921081714597194e-03 3.621253887358779622e-01
-4.840333687025230591e-03 3.919820461910109022e-01
-6.121614548743264245e-02 1.329982651113105485e-01
-8.512676411473055205e-02 9.520624170382499529e-02
-1.303680611172276793e-01 8.683527025232409824e-02
-9.702024349658795732e-02 1.298687517394099822e-01
-7.518164123377231445e-02 1.251869078375613675e-01
-1.196520202963922003e-01 1.056147300335253669e-01
-1.186119853112120592e-01 9.363715493795883582e-02
-1.002828997837772462e-01 1.077575676783921604e-01
-1.202358245605121972e-01 9.347346000046732883e-02
-1.202358245605121972e-01 9.347346000046732883e-02
-5.210664675651887137e-03 3.658731837930976893e-01
-6.205559583508540752e-06 3.650359941988143841e+00
-3.175234119731853722e-06 4.449475235245554217e+00
-5.477052204383247788e-03 3.787257128924902960e-01
-2.853071917959244114e-02 2.362911494747559349e-01
-9.841986640248093186e-06 3.282762624723148726e+00
-9.709293099852583930e-01 3.632984692519127890e-04
-1.931825916881283953e-02 2.334404750578008281e-01
-1.103451057117880024e-01 1.112133949864729382e-01
-1.193975941528233747e-01 1.047634909244776064e-01
-8.696170717123284655e-02 1.253052374819405013e-01
-9.417112516083347984e-02 1.181141283698318445e-01
-4.439248565902527768e-03 3.143072448492604254e-01
-5.940663832274879763e-02 1.360849375052996801e-01
-2.830571975049174516e-02 1.173766752121814805e-01
-3.701778941579813437e-03 3.743000129366902962e-01
-1.068250935878082598e-02 1.674162399655967914e-01
-4.398488858824966749e-03 2.980423417622717341e-01
-3.197483688551358387e-03 3.429662578432149389e-01
-4.420052788400288465e-03 2.897813790061074535e-01
-2.994864649349581950e-02 1.698992507199476309e-01
-3.414053953603053519e-03 3.845959371057154352e-01
-2.907942423964589729e-03 3.875922001738960065e-01
-1.265052393837333700e-01 9.668632062252112414e-02
-2.763515890402030561e-03 3.964243881239107314e-01
-1.382398587433360249e-01 6.411317607636188298e-02
-5.717175352653973419e-02 8.051389082895817062e-02
-6.905175040986522017e-02 1.108729821366957469e-01
-7.468343251173717445e-02 1.197056466861408652e-01
-8.575431670401814643e-02 1.326983644667515949e-01
-8.528584336075389905e-02 1.411706586797379093e-01
-8.497778967043718990e-02 1.419693906326675858e-01
-7.548187714727383479e-02 1.241812683927764477e-01
-3.212046420833166160e-01 -3.431342388403885862e-03
-7.027638197059226854e+01 2.187903487786837635e-09
-1.607883253116665079e-01 3.444740961624853659e-02
-7.517602661722431190e-01 5.860170585416578327e-04
4.134554684858614965e-02 1.717052370149277085e-01
4.504885056704741042e-02 1.337945136546051517e-01
2.063192777571317554e-02 1.386897676724308803e-01
5.608689514340909309e-03 3.448308262886647380e-01
-1.700478500277304234e-03 -2.596570186943215619e-01
-2.079427615748752779e-03 -2.468744044803745374e-01
-3.417907483343265995e-03 -2.177504556681921222e-01
-1.096646965099652704e-01 -3.163943621983997256e-02
-1.355054915405322358e-01 9.251679852045457952e-02
-2.028274311606912128e-01 3.631974151844832854e-02
-1.458506764294530411e-01 1.882931915141050627e-02
-7.517602661722431190e-01 5.860170585416578327e-04
-7.622959770283948000e-01 5.555474774301803363e-04
-8.483222497258264827e-01 4.197789403488621368e-04
-6.495985096836797146e-01 1.093617714420938277e-03
-5.898423829421256537e-01 1.493209459242429357e-03
-2.577179552107674576e-01 2.337223199301500035e-02
-1.055673652913268645e+00 2.039595353774371835e-04
-2.626202876348454396e+01 2.357899860990426208e-08
-4.620965723889749910e+01 -7.220106898379334436e-10
-3.658045743477676748e+00 9.280931390019745282e-06
-9.563684839171683905e+01 8.509724628254571259e-11
-1.192329946727045638e+02 4.973538824775307977e-11
-2.685953580236465399e+01 -5.036949131893581563e-09
-8.207015286635046536e+00 6.677994130990641022e-08
-2.163921173368647533e-01 -5.224168837565055894e-03
-7.554365541947956508e+00 -3.781115554516772668e-07
-1.549962196393045133e+01 -5.066984571042699068e-08
-8.780016576245209592e+01 -3.611831493245229458e-09
-5.769009889996129914e+01 -1.291744668691658607e-08
-7.076357568355118310e-01 -2.893562181785077573e-04
-3.726078242026477638e-01 -7.722724680499273289e-04
-2.981085730259828148e-01 -5.284654049035717935e-03
-3.591145380534573883e-01 -8.745996865123838258e-04
-1.914767475637760563e-01 -1.118195167767198697e-02
-1.823487747329994857e-01 -1.868712711251073119e-02
-2.730814159993203427e-01 9.851313144310244740e-03
-1.595248068585429502e-01 -3.582337008830068642e-02
-1.776681729123197995e+00 4.187235831652421253e-05
-1.776681729123197995e+00 4.187235831652421253e-05
-6.429549525969743828e-02 1.288546314898976197e-01
-2.823980419082124937e-01 1.629681018913008497e-02
-2.725367759794895539e-01 1.268443027816655924e-02
-8.264027490544124943e-02 6.607794164090639855e-02
-2.603461479090074526e-01 2.253391888830712925e-02
-2.988582527577860470e-01 1.230363069965184283e-02
-2.416971724070295646e-01 -1.393347981406301700e-02
-2.429248710146324486e-01 -6.866446603051259978e-03
4.444679638593101796e-10 1.025311671764150816e+02
1.940927463022519475e-03 4.258747244503114371e-01
2.175316620841192747e-03 4.259188229012655924e-01
4.444679638593101796e-10 1.025311671764150816e+02
-1.544295673541576375e-01 7.910517503016886720e-02
-3.949143180515588686e-02 1.089028826394653759e-01
-3.982992805322475155e-02 1.093305778384001947e-01
-4.536942259134325361e+00 -4.599911714132179205e-06
-5.157007276200010182e+01 -1.518180677859558116e-08
-2.085855657127137164e+00 7.437320359326478454e-06
-7.316464855158878733e-02 1.480190192344421896e-01
-4.666188876636724880e-01 1.948806950928480032e-03
-7.517602661722431190e-01 5.860170585416578327e-04
-1.346834427650262511e-01 1.052548983655270456e-02
-1.767177634725000113e-01 -2.863297458724339134e-02
-2.833475029347033713e-02 3.404085718053190268e-02
5.899327754784390587e-03 3.396566001849764538e-01
2.375639933974784367e-03 2.358059411073423206e-01
1.513150131070727100e-02 2.386954024631195992e-01
1.151215338672815190e-02 2.371648801946678597e-01
3.250721886572416862e-03 2.243291978030673428e-01
-2.798843908096471447e-02 -2.307502755011158618e-02
-1.157227015952314447e-01 -4.158227930083280288e-02
-9.248380426819471922e-02 -8.293350348023302565e-02
-3.961449288801447421e-01 -3.220657940292594688e-03
-8.306169823981095213e-02 -8.950334028114244334e-03
-1.548798541057289924e-01 -1.866561888721785314e-02
-1.249567167528935208e-01 -6.590640831692995416e-02
-2.593011589682194251e-01 -5.644742374538546346e-03
-1.489494429697757472e-01 -5.972644840374145142e-02
-1.721615583242555314e-01 -2.607293851987334612e-02
-1.477244774186685372e-01 -5.723600130131372560e-02
-2.029139918635625983e-01 4.110640769957573520e-02
-3.179337816408189243e-01 9.921712406431115391e-03
-1.645940366002662247e-01 2.891578883836482330e-02
-8.231715211173081803e-01 4.514471967040382602e-04
-3.095004096034983831e+01 -7.536779085289935139e-10
-2.656846817511350167e+01 -2.743177450680642306e-09
-6.910841037532325259e+00 -3.186197094419526025e-07
-5.010875361313850362e+01 3.628071961586876427e-09
-1.368949937036788533e+01 -2.545811033227530353e-07
-5.157007276200010182e+01 -1.518180677859558116e-08
-3.266328732325063378e+00 -9.636982569519924065e-06
-3.625647656701491428e+01 -3.696392681678272947e-08
-1.089464311985844258e+00 -1.382050508697919356e-04
-3.726078242026477638e-01 -7.722724680499273289e-04
-5.695487124201299434e-01 -5.677127634974743920e-04
-6.763665893227586157e-01 -3.070882582512107924e-04
-1.895164239959087615e-01 -9.737184445949091313e-03
-4.119374124775609936e-02 2.126964600983658749e-01
-1.449417042711787507e-01 8.796661766799156179e-02
-2.091867722149350906e-01 1.058070366781254691e-02
-3.232841238682749885e-05 1.794397541783342653e+00
-1.868586531813158305e-05 2.610464844194068768e+00
-2.901878882657761838e-01 1.431915663997791223e-02
-2.872690872896396241e-01 1.470495050310515091e-02
-1.682167714324131480e-02 1.486796095220475622e-01
-1.965237312673378742e-02 1.586987648278417318e-01
-2.120689058010275241e-01 -2.616333568397499060e-02
-2.149361801580343956e-01 -2.548617068812712022e-02
-3.526649364532197795e-01 5.761221466841577078e-03
-2.912871136552176443e-01 -5.785554555448190091e-03
-2.015616885221790389e-01 3.490236981832003232e-02
-2.873441391741675122e-01 -9.480048892704697958e-03
4.444679638593101796e-10 1.025311671764150816e+02
-2.247273821971156762e-10 7.993735266038544296e+02
4.444679638593101796e-10 1.025311671764150816e+02
-1.947713185820379098e-02 2.264538829333291592e-01
-3.175234119731853722e-06 4.449475235245554217e+00
-4.049114053684936209e-06 4.070595326111103418e+00
-2.997940245632636526e-06 4.317222817425575343e+00
-5.477052204383247788e-03 3.787257128924902960e-01
-4.542546944700699701e-06 2.447122663666807085e+00
-4.542546944700699701e-06 2.447122663666807085e+00
-3.250900118095071409e-04 1.029255941259371587e+00
-3.849541820831442907e-03 4.592478002721753216e-01
-1.776681729123197995e+00 4.187235831652421253e-05
-2.040841222768938895e-02 2.084073113139271183e-01
-1.464027228422185301e-01 8.705495809497236503e-02
-1.218930749584884454e-01 9.905446236485740408e-02
-2.613325637337868268e-01 1.831142244283082143e-02
-6.224852945921004882e-02 1.219361665742099560e-01
5.648130454468376464e-03 2.437628397743339670e-01
-7.668540653115155092e-02 1.255511159242563013e-01
-4.669946825766165682e-02 6.210697781707429088e-02
-5.773023874700158875e-02 1.150518526281228415e-01
-1.838746705212507548e-01 2.804190349726906617e-02
-2.031439219724842371e-01 1.324905240564172582e-02
-2.204532986212063506e+01 -3.826737936612191108e-08
-2.908847281885483085e+02 8.090927537477616778e-12
-2.511046681329910157e+00 1.845327569944314142e-05
-2.303428122121231603e-02 1.302552121726684442e-01
-1.162769440280755628e-01 1.126539256779761355e-01
-1.654263381553731926e-01 6.993168451255873941e-02
-1.173061371325234969e-01 1.127783599694597433e-01
